27
sp|P00456|NIFH1_CLOPA          0.0000000 0.4861331 0.0074455 0.0873768 0.0913804 0.0660576 0.0660576 0.0775107 0.0873768 0.0074455 0.0000010 0.4861331 0.7303065 0.5254807 0.5648523 0.3887043 0.3946388 1.4404709 0.8651970 2.2150646 0.5074574 1.3788732 1.3888004 0.4718429 0.8660459 0.4874348 0.5074574 
sp|P09553|NIFH3_CLOPA          0.4861331 0.0000000 0.4809310 0.4736919 0.4788941 0.4816927 0.4816927 0.4752154 0.4736919 0.4809310 0.4861331 0.0000010 0.7757300 0.5366641 0.5659712 0.5139455 0.5217749 1.5379564 1.0463750 2.3406266 0.3131675 1.4449862 1.4685673 0.5271637 0.9296992 0.2256961 0.3131675 
sp|P09554|NIFH5_CLOPA          0.0074455 0.4809310 0.0000000 0.0874019 0.0914065 0.0661211 0.0661211 0.0696438 0.0874019 0.0000010 0.0074455 0.4809310 0.7368881 0.5256603 0.5650469 0.3887043 0.3946388 1.4279684 0.8726149 2.2319950 0.5134857 1.3858780 1.3838533 0.4747543 0.8612709 0.4822015 0.5134857 
sp|P09555|NIFH6_CLOPA          0.0873768 0.4736919 0.0874019 0.0000000 0.0037245 0.0863122 0.0863122 0.0951728 0.0000010 0.0874019 0.0873768 0.4736919 0.7121499 0.4877884 0.5320230 0.3396920 0.3447514 1.3778366 0.8597665 2.2595749 0.4972778 1.3862271 1.4053780 0.4524557 0.8530936 0.4908688 0.4972778 
sp|P09552|NIFH2_CLOPA          0.0913804 0.4788941 0.0914065 0.0037245 0.0000000 0.0902713 0.0902713 0.0991714 0.0037245 0.0914065 0.0913804 0.4788941 0.7184967 0.4932351 0.5376076 0.3396920 0.3447514 1.3880389 0.8670119 2.2812314 0.5026062 1.3963708 1.4160521 0.4577584 0.8602446 0.4961739 0.5026062 
sp|P22548|NIFH4_CLOPA          0.0660576 0.4816927 0.0661211 0.0863122 0.0902713 0.0000000 0.0000010 0.0539237 0.0863122 0.0661211 0.0660576 0.4816927 0.6922509 0.5131801 0.5459136 0.3735292 0.3792089 1.4083574 0.8544768 2.3005206 0.4896890 1.4146554 1.4142613 0.4957840 0.8510674 0.4730517 0.4896890 
tr|A0A1D9N7I5|A0A1D9N7I5_CLOPA 0.0660576 0.4816927 0.0661211 0.0863122 0.0902713 0.0000010 0.0000000 0.0539237 0.0863122 0.0661211 0.0660576 0.4816927 0.6922509 0.5131801 0.5459136 0.3735292 0.3792089 1.4083574 0.8544768 2.3005206 0.4896890 1.4146554 1.4142613 0.4957840 0.8510674 0.4730517 0.4896890 
tr|A0A1D9N1X3|A0A1D9N1X3_CLOPA 0.0775107 0.4752154 0.0696438 0.0951728 0.0991714 0.0539237 0.0539237 0.0000000 0.0951728 0.0696438 0.0775107 0.4752154 0.7155414 0.5240280 0.5713219 0.3937348 0.3998043 1.4112524 0.8581196 2.2992183 0.4803003 1.4151973 1.4174557 0.5000446 0.8730080 0.4562353 0.4803003 
tr|A0A1D9N2X1|A0A1D9N2X1_CLOPA 0.0873768 0.4736919 0.0874019 0.0000010 0.0037245 0.0863122 0.0863122 0.0951728 0.0000000 0.0874019 0.0873768 0.4736919 0.7121499 0.4877884 0.5320230 0.3396920 0.3447514 1.3778366 0.8597665 2.2595749 0.4972778 1.3862271 1.4053780 0.4524557 0.8530936 0.4908688 0.4972778 
tr|A0A1D9N1N2|A0A1D9N1N2_CLOPA 0.0074455 0.4809310 0.0000010 0.0874019 0.0914065 0.0661211 0.0661211 0.0696438 0.0874019 0.0000000 0.0074455 0.4809310 0.7368881 0.5256603 0.5650469 0.3887043 0.3946388 1.4279684 0.8726149 2.2319950 0.5134857 1.3858780 1.3838533 0.4747543 0.8612709 0.4822015 0.5134857 
tr|A0A1D9N1X8|A0A1D9N1X8_CLOPA 0.0000010 0.4861331 0.0074455 0.0873768 0.0913804 0.0660576 0.0660576 0.0775107 0.0873768 0.0074455 0.0000000 0.4861331 0.7303065 0.5254807 0.5648523 0.3887043 0.3946388 1.4404709 0.8651970 2.2150646 0.5074574 1.3788732 1.3888004 0.4718429 0.8660459 0.4874348 0.5074574 
tr|A0A1D9N950|A0A1D9N950_CLOPA 0.4861331 0.0000010 0.4809310 0.4736919 0.4788941 0.4816927 0.4816927 0.4752154 0.4736919 0.4809310 0.4861331 0.0000000 0.7757300 0.5366641 0.5659712 0.5139455 0.5217749 1.5379564 1.0463750 2.3406266 0.3131675 1.4449862 1.4685673 0.5271637 0.9296992 0.2256961 0.3131675 
tr|D7DT99|D7DT99_METV3         0.7303065 0.7757300 0.7368881 0.7121499 0.7184967 0.6922509 0.6922509 0.7155414 0.7121499 0.7368881 0.7303065 0.7757300 0.0000000 0.8550485 0.8348702 0.7441925 0.7569221 1.2660925 0.7447386 2.3543813 0.8204875 1.4912289 1.2480001 0.8991735 0.9836379 0.8128283 0.8204875 
sp|P00457|NIFH1_NOSS1          0.5254807 0.5366641 0.5256603 0.4877884 0.4932351 0.5131801 0.5131801 0.5240280 0.4877884 0.5256603 0.5254807 0.5366641 0.8550485 0.0000000 0.1597751 0.0204475 0.0206781 1.5899118 1.0709662 2.4670668 0.5042843 1.6059452 1.5967230 0.4013202 1.0329842 0.5370491 0.5042843 
sp|O30577|NIFH2_NOSS1          0.5648523 0.5659712 0.5650469 0.5320230 0.5376076 0.5459136 0.5459136 0.5713219 0.5320230 0.5650469 0.5648523 0.5659712 0.8348702 0.1597751 0.0000000 0.0527576 0.0533719 1.5704777 1.0869535 2.4060205 0.5280021 1.5874282 1.5896354 0.3475004 1.0115433 0.5665408 0.5280021 
tr|G3FD00|G3FD00_NOSS1         0.3887043 0.5139455 0.3887043 0.3396920 0.3396920 0.3735292 0.3735292 0.3937348 0.3396920 0.3887043 0.3887043 0.5139455 0.7441925 0.0204475 0.0527576 0.0000000 0.0000010 1.4344070 0.7532515 2.9216034 0.4751365 1.2849249 1.3872858 0.2677884 0.8313387 0.5102970 0.4751365 
tr|H7BT35|H7BT35_NOSS1         0.3946388 0.5217749 0.3946388 0.3447514 0.3447514 0.3792089 0.3792089 0.3998043 0.3447514 0.3946388 0.3946388 0.5217749 0.7569221 0.0206781 0.0533719 0.0000010 0.0000000 1.4664009 0.7667760 2.9595213 0.4824921 1.2868507 1.3908491 0.2713729 0.8471112 0.5182243 0.4824921 
sp|Q8YM62|CHLL_NOSS1           1.4404709 1.5379564 1.4279684 1.3778366 1.3880389 1.4083574 1.4083574 1.4112524 1.3778366 1.4279684 1.4404709 1.5379564 1.2660925 1.5899118 1.5704777 1.4344070 1.4664009 0.0000000 1.1944237 2.5679517 1.4340786 1.6698430 0.7051897 1.5741886 1.3217952 1.5190325 1.4340786 
tr|Q6M0X1|Q6M0X1_METMP         0.8651970 1.0463750 0.8726149 0.8597665 0.8670119 0.8544768 0.8544768 0.8581196 0.8597665 0.8726149 0.8651970 1.0463750 0.7447386 1.0709662 1.0869535 0.7532515 0.7667760 1.1944237 0.0000000 2.1690999 1.0263800 1.5687423 1.3449074 1.0596766 1.0051930 1.0492912 1.0263800 
tr|Q6LY48|Q6LY48_METMP         2.2150646 2.3406266 2.2319950 2.2595749 2.2812314 2.3005206 2.3005206 2.2992183 2.2595749 2.2319950 2.2150646 2.3406266 2.3543813 2.4670668 2.4060205 2.9216034 2.9595213 2.5679517 2.1690999 0.0000000 2.3030294 2.4173342 2.4736144 2.2482572 2.3356206 2.3625820 2.3030294 
sp|P0CW57|NIFH_METMP           0.5074574 0.3131675 0.5134857 0.4972778 0.5026062 0.4896890 0.4896890 0.4803003 0.4972778 0.5134857 0.5074574 0.3131675 0.8204875 0.5042843 0.5280021 0.4751365 0.4824921 1.4340786 1.0263800 2.3030294 0.0000000 1.4519972 1.4201337 0.5503837 0.9949407 0.3366626 0.0000010 
sp|P26177|BCHX_RHOCB           1.3788732 1.4449862 1.3858780 1.3862271 1.3963708 1.4146554 1.4146554 1.4151973 1.3862271 1.3858780 1.3788732 1.4449862 1.4912289 1.6059452 1.5874282 1.2849249 1.2868507 1.6698430 1.5687423 2.4173342 1.4519972 0.0000000 1.6198581 1.6244210 1.5123494 1.4980549 1.4519972 
sp|D5ANS3|BCHL_RHOCB           1.3888004 1.4685673 1.3838533 1.4053780 1.4160521 1.4142613 1.4142613 1.4174557 1.4053780 1.3838533 1.3888004 1.4685673 1.2480001 1.5967230 1.5896354 1.3872858 1.3908491 0.7051897 1.3449074 2.4736144 1.4201337 1.6198581 0.0000000 1.4559020 1.3461529 1.4881047 1.4201337 
sp|D5ANI3|NIFH1_RHOCB          0.4718429 0.5271637 0.4747543 0.4524557 0.4577584 0.4957840 0.4957840 0.5000446 0.4524557 0.4747543 0.4718429 0.5271637 0.8991735 0.4013202 0.3475004 0.2677884 0.2713729 1.5741886 1.0596766 2.2482572 0.5503837 1.6244210 1.4559020 0.0000000 1.0731620 0.5716496 0.5503837 
tr|D5AKX6|D5AKX6_RHOCB         0.8660459 0.9296992 0.8612709 0.8530936 0.8602446 0.8510674 0.8510674 0.8730080 0.8530936 0.8612709 0.8660459 0.9296992 0.9836379 1.0329842 1.0115433 0.8313387 0.8471112 1.3217952 1.0051930 2.3356206 0.9949407 1.5123494 1.3461529 1.0731620 0.0000000 0.9489451 0.9949407 
tr|D5ANJ6|D5ANJ6_RHOCB         0.4874348 0.2256961 0.4822015 0.4908688 0.4961739 0.4730517 0.4730517 0.4562353 0.4908688 0.4822015 0.4874348 0.2256961 0.8128283 0.5370491 0.5665408 0.5102970 0.5182243 1.5190325 1.0492912 2.3625820 0.3366626 1.4980549 1.4881047 0.5716496 0.9489451 0.0000000 0.3366626 
AQUIFEX_01761                  0.5074574 0.3131675 0.5134857 0.4972778 0.5026062 0.4896890 0.4896890 0.4803003 0.4972778 0.5134857 0.5074574 0.3131675 0.8204875 0.5042843 0.5280021 0.4751365 0.4824921 1.4340786 1.0263800 2.3030294 0.0000010 1.4519972 1.4201337 0.5503837 0.9949407 0.3366626 0.0000000 
